  -5.2944731e-02
  -4.3940389e-01
  -2.4754710e-01
  -1.5748212e-02
  -1.6755655e-02
   3.3171836e-01
  -1.0570653e-01
  -2.7838565e-02
  -1.4838228e-01
  -3.5318311e-02
   2.8596941e-01
  -2.0199899e-01
  -2.0535354e-01
  -4.9411666e-01
  -6.0547609e-02
  -4.6743527e-01
  -1.6921660e-02
  -5.5686808e-01
  -2.5876258e-02
  -1.4210091e-02
  -2.8779211e-02
  -2.8542012e-01
   4.1065851e-01
  -7.3958732e-02
  -8.6524285e-02
  -9.9040918e-02
  -1.4414394e-01
   3.1991059e-01
  -8.7282348e-01
  -1.0868908e-01
  -1.3709071e-01
  -1.0949827e-01
  -6.1080533e-01
  -3.0505860e-01
  -1.3365370e-01
  -2.8260561e-02
  -2.2889616e-01
  -2.4117316e-01
  -2.0605460e-01
  -1.5371999e-01
  -5.1432788e-01
  -1.4196162e-01
  -9.7443119e-02
  -8.4616847e-02
   1.9647401e-02
  -1.5967281e-01
  -3.3610502e-01
  -1.3629039e-01
  -1.8364030e-01
  -1.8150732e-01
  -2.2550529e-01
  -1.4398618e-01
  -1.7919675e-01
  -1.7339002e-01
  -2.6153103e-01
  -7.7632577e-03
  -1.7204620e-01
  -8.7169796e-01
  -1.4470240e-01
  -8.0964804e-02
  -6.2474740e-01
  -1.7020084e-01
  -1.3330475e-02
  -9.2257917e-02
