  -6.5984750e-01
   7.8744404e-02
  -1.2972288e-01
  -2.4913016e-01
  -1.8147442e-02
  -7.4142838e-01
  -8.4928885e-02
   6.2198299e-01
  -4.8232725e-01
  -4.5785561e-01
  -5.3510988e-01
  -5.9177876e-01
   6.6369462e-01
  -3.5657656e-01
   7.1480399e-01
  -3.2572341e-01
  -2.3652805e-02
  -3.0094704e-01
   2.4411479e-01
  -1.7774582e-01
   9.2685878e-02
  -4.7931120e-01
   7.0752704e-01
  -1.3902415e-02
  -2.0456469e-01
  -1.8982166e-01
   2.3489721e-01
   2.5166297e-01
  -2.6738515e-01
  -3.0344841e-01
   4.1913960e-02
  -1.4149681e-01
  -2.6273876e-01
  -1.3717859e-02
  -2.7197441e-01
   2.2216629e-02
  -3.9911367e-02
  -5.9510744e-01
  -1.6221130e-01
  -6.5707535e-01
  -3.2788903e-01
   7.8271914e-01
   1.4863464e-01
  -6.3431956e-02
  -2.3626648e-01
  -3.2008620e-04
  -3.8128331e-02
  -3.0525276e-01
  -2.8333059e-01
  -2.1602161e-01
  -2.0951492e-01
  -5.5472916e-01
  -1.2941213e-01
   6.7103696e-01
   7.2477549e-01
  -2.6930463e-01
  -2.4863142e-01
  -4.9701957e-03
   1.3790961e-01
  -2.7978286e-01
   1.7546128e-02
  -3.1065664e-01
   2.8964499e-01
  -5.9554684e-01
