   3.3847240e-01
  -4.5354471e-02
  -2.7245125e-01
   3.9105114e-01
  -8.8612366e-01
   1.9838423e-01
   5.7244767e-02
  -2.6875463e-01
   7.4397260e-03
  -4.3724801e-02
   3.6290449e-01
   3.2818787e-02
  -1.2406697e+00
  -6.3433766e-02
  -4.5832153e-02
   2.7987453e-01
  -6.6260308e-02
  -5.9241183e-02
  -1.8183360e-01
  -8.5550241e-02
  -1.2350754e+00
  -4.8156267e-01
   4.5432672e-01
   4.2567775e-01
   1.1431129e-01
  -5.1680189e-02
  -5.2000023e-02
   3.3991140e-01
  -3.1433117e-01
  -1.2912169e+00
  -1.8643022e-01
  -2.1352410e-01
   3.0865970e-01
   5.0563826e-03
  -1.6855963e-01
  -1.0751698e+00
   4.2677876e-01
   3.9780158e-01
  -1.2327685e-01
  -7.7600501e-02
  -2.9825053e-01
  -2.0262599e-01
  -1.7466594e-01
  -9.0447694e-02
  -1.5514547e+00
   3.3335173e-01
  -1.2763780e-01
   3.9968804e-01
  -6.3550137e-02
  -3.4820506e-01
  -3.1055465e-01
  -6.3323361e-01
  -6.6122331e-02
  -4.8807976e-03
  -1.3289231e-01
  -1.8879674e-01
  -2.4640179e-01
   3.0378589e-01
   3.7430725e-01
  -5.3232694e-01
  -3.1904826e-01
  -2.4779928e-01
  -2.3144163e-01
   2.6027671e-01
