  -9.4927889e-01
   8.6088739e-02
  -6.4087248e-01
   1.4163959e-01
  -2.1522991e-01
   1.1768305e-01
  -7.7720356e-01
  -2.1377058e-01
   6.6694236e-01
  -3.2932810e-02
  -7.0973551e-01
  -8.4006596e-01
  -6.8047988e-01
   1.0517475e-01
  -4.0508324e-01
   2.3303926e-01
  -6.0985303e-01
  -9.1336912e-01
   1.9421443e-02
  -5.8792722e-01
  -9.8590446e-01
  -2.2690128e-01
  -3.3564055e-01
  -1.2470942e-01
   5.7020134e-01
  -6.1013006e-02
  -9.4848448e-01
  -1.0530802e+00
  -8.4152871e-01
   3.9091915e-02
   1.3494985e-01
  -9.7771966e-01
  -7.0783448e-01
  -9.3737197e-01
  -9.0752631e-01
  -9.8008990e-01
  -8.2540262e-01
  -3.3659559e-01
  -5.6814158e-01
  -8.0271196e-01
   6.5711552e-01
  -2.2564477e-01
  -8.8329995e-01
  -7.3477149e-01
  -8.8740265e-01
  -1.4034235e-01
  -5.9182906e-01
   5.1490450e-01
  -8.4090221e-01
  -7.0835871e-01
  -6.4799899e-01
  -2.9219845e-01
  -2.0193592e-02
  -8.0063826e-01
   1.4271370e-01
   2.3521174e-01
  -4.1913474e-01
  -9.3153048e-01
  -5.2595037e-01
  -8.5357374e-01
  -3.1592232e-01
  -1.0185678e+00
   1.9247035e-02
  -3.4776792e-02
