   8.4175396e-01
  -5.8579631e-02
  -3.7443447e-01
  -5.4811734e-01
  -1.8037322e-01
  -1.2464894e+00
   1.3580531e-01
   7.1368180e-02
  -7.7859509e-01
  -7.0278622e-02
   8.2888579e-01
  -6.8613631e-01
   7.3397303e-01
  -3.9265329e-01
   9.5570065e-02
  -1.0165983e+00
   4.7333750e-01
  -4.9796200e-01
  -3.9548486e-01
   5.0218368e-01
   7.2665966e-01
  -4.0448785e-01
  -9.3516397e-01
  -2.3320974e-01
  -2.6437849e-01
  -1.6517851e-01
  -1.2794104e+00
  -3.8356853e-01
   4.8186794e-01
  -1.3533907e-01
  -7.7502584e-01
   8.0344588e-01
  -8.3246821e-01
   5.2461433e-01
  -1.4568722e-01
  -1.0387200e+00
   2.4645573e-01
   6.0288274e-01
  -5.9775108e-01
  -7.7188909e-01
   6.2338299e-01
   4.5256081e-01
  -5.1889801e-01
  -3.2665927e-02
  -8.9319861e-01
   5.0976668e-02
  -9.7531348e-01
  -6.0979968e-01
   1.9671388e-01
  -1.6522492e-01
   5.1542856e-02
  -7.6736093e-01
   9.4514364e-01
  -4.7863100e-02
  -5.9784647e-02
  -7.4949455e-01
   4.5590183e-01
   1.0202100e+00
   8.6610776e-01
   1.0009111e+00
   1.6983798e-01
  -6.9840014e-01
  -1.0693704e+00
   2.6678962e-01
