  -3.8483444e-01
   3.9806870e-01
   4.9830490e-01
   2.2519453e-01
   1.0120776e+00
   5.3902894e-01
   8.4124696e-01
  -3.9628616e-01
  -1.1946918e+00
   4.9802834e-01
   2.5046653e-01
   1.2044282e-01
   8.2660180e-01
   1.1205059e+00
   8.5558122e-01
  -3.5119689e-01
   1.1731657e+00
   3.0571669e-01
   3.2682151e-01
  -5.5204844e-03
   6.3697135e-01
   6.8591285e-01
   8.7889206e-01
   1.0269482e+00
  -1.2718494e-01
  -4.7295114e-01
  -1.2018937e-01
  -5.2185193e-02
  -1.9299771e-01
  -1.2506528e+00
  -4.3887234e-01
   7.3400289e-01
  -5.2888918e-01
  -4.0869433e-01
  -1.3748018e-01
   2.1327527e-01
   1.7650034e-01
  -5.7925498e-01
   2.9241478e-01
  -1.2508315e-01
  -3.3570379e-02
  -3.7126103e-01
   7.9584622e-01
  -1.6441205e-01
   9.3918465e-02
   2.4203776e-01
  -9.1791354e-02
   5.1885104e-01
   1.1609064e-01
  -1.0157223e+00
   6.5806621e-01
   3.2115370e-02
   2.5649479e-01
   4.0880769e-01
   5.5666274e-01
  -1.1150257e-01
  -6.2718473e-02
  -5.9143730e-02
   5.5203068e-01
  -2.2417808e+00
   4.0532079e-01
   3.4286803e-01
  -1.3754158e-01
   4.6326011e-01
