   9.0263080e-01
  -1.5012379e-01
  -2.9042387e-01
  -1.1419430e+00
   9.0423220e-02
  -1.0878363e-01
   3.8847220e-01
  -3.9348125e-01
  -3.4333422e+00
  -2.9899004e+00
  -4.0174406e-02
   1.2156657e-04
  -1.6422486e+00
   1.3948512e+00
  -2.8430800e-01
   6.3246290e-01
  -3.1861837e-03
  -1.8834893e-01
  -1.4527749e+00
  -2.1870501e-02
   2.9892126e-01
  -1.5845045e-02
  -1.8698072e-02
   1.6181280e-01
   6.9418890e-01
   2.7169619e+00
   2.3997292e-02
   1.1987998e-03
   5.4148184e-03
  -2.8170462e+00
   6.6306140e-02
   1.6862693e+00
  -1.3368136e+00
   1.0723796e+00
   2.0535594e-02
  -3.9255876e-02
   2.7066946e-02
   1.3572412e+00
  -2.8821108e+00
   2.4916463e-02
  -6.3434654e-01
  -1.6794194e+00
   1.1356304e-02
   7.3133830e-03
   1.3536742e+00
   1.6094815e-02
  -6.8321620e-01
   3.8141480e-01
   3.1383764e-02
   1.5171418e+00
   2.3216158e-02
  -4.0297676e-02
   1.0166690e+00
   1.6505884e-02
  -4.8815660e-03
   8.7882490e-03
   1.4049019e+00
   8.1411360e-03
   1.4407838e-02
  -3.7248730e-03
  -2.3630930e-02
   1.2017453e-01
  -9.8475940e-01
   2.4667660e+00
