   1.9675525e+00
  -4.9821830e+00
   8.8786160e-01
  -1.2916720e-01
   1.1828540e-01
   2.7491940e+00
  -1.5340014e+00
   1.2380906e+00
   1.9278772e+00
   3.8201700e-01
   1.0150660e+00
   1.9439486e+00
   1.0693799e+00
  -1.9958661e-01
  -1.3206549e+00
   3.7187488e+00
  -4.3659400e+00
   8.1071425e-03
   2.3338138e-01
  -6.2376535e-01
   5.5272080e+00
   2.8837628e+00
  -6.3884670e-01
   3.9295828e-01
  -1.5923364e+00
   1.7450945e+00
  -1.8717169e+00
   1.2763564e-01
  -2.7761073e+00
   1.6262054e+00
  -1.3004720e+00
  -2.4823823e+00
  -4.0802280e+00
  -5.2381180e+00
   4.5827174e-01
   3.6769025e-02
   1.0877527e+00
  -5.9135145e-01
  -1.6747094e+00
  -6.7252510e-01
   3.0856478e+00
  -1.9589851e+00
   2.6287317e-01
   9.2491990e-02
  -4.2250200e+00
  -1.0978470e+00
   2.5885653e+00
  -1.1044868e+00
  -1.1689525e+00
   1.0013869e+00
  -1.1523656e-02
   1.3359704e+00
   5.8341515e-01
  -4.6898937e+00
   1.9016063e+00
  -5.2485930e-01
   2.9516390e+00
  -1.2866033e+00
   1.6952397e-01
  -1.7841047e+00
  -3.4022602e-01
  -3.2837355e-01
  -6.1461100e-01
  -1.7049029e+00
