  -3.5556130e-01
   3.0165237e-01
  -2.9109960e-01
  -2.1093847e-01
  -2.1473667e-01
  -2.5576097e-01
  -3.0908757e-01
  -1.3320024e-01
   3.3767190e-01
  -3.1056950e-01
  -3.2337695e-01
   3.2993466e-01
  -1.8886162e-01
  -2.7642780e-01
   3.5526052e-01
   2.4529810e-01
  -2.3226699e-01
  -2.9458180e-01
  -2.5337613e-01
   2.9961893e-01
   2.2545084e-01
  -2.4573691e-01
  -2.4287460e-01
  -2.3864530e-01
  -3.9558828e-01
   4.3033433e-01
   3.4062810e-01
   2.8440356e-01
   2.8740522e-01
   3.3964384e-01
  -2.8545246e-01
   3.6332116e-01
   3.2604054e-01
   3.4442103e-01
   3.0528703e-01
   1.5803245e-01
   3.2570082e-01
   3.4134495e-01
  -2.9045478e-01
   2.0908572e-01
  -3.1207590e-01
  -5.9453090e-01
  -2.6590526e-01
   2.9924930e-01
  -3.9500050e-01
  -2.8899494e-01
   2.2469753e-01
  -3.2878762e-01
   2.0518250e-01
  -2.6893944e-01
   3.7127626e-01
   2.7257195e-01
   2.0201458e-01
   2.0980650e-01
   2.1877754e-01
  -3.1665045e-01
  -3.2785940e-01
   2.0240247e-01
  -3.1656850e-01
  -3.6695810e-01
  -3.8814032e-01
   3.0089983e-01
  -2.0352228e-01
  -2.9330640e-01
