  -4.0312314e+00
   3.4703872e+00
   1.5076604e+00
   1.8772683e+00
   1.6748797e+00
   1.9918368e+00
  -3.1773443e+00
   8.5398340e-01
  -2.5190310e+00
  -3.0837538e+00
  -3.6468856e+00
  -1.8873550e+00
   9.7636586e-01
   1.1390724e+00
  -4.0252188e-01
  -1.9427687e+00
   6.3055450e-01
   1.1708150e+00
   3.0758255e+00
  -2.9846063e+00
  -2.4068134e+00
   2.9213066e+00
   3.3169250e+00
   7.1784310e-01
  -3.5034650e+00
  -1.6571305e+00
  -4.9804312e-01
   1.0579768e+00
  -2.1973002e+00
   3.6161203e+00
   1.9629820e+00
   3.0168664e+00
  -2.6593988e+00
   3.1128433e+00
   3.1228473e+00
  -2.0261168e+00
   3.5069637e+00
  -2.9355462e+00
   1.4742967e+00
  -9.3107580e-02
   3.2895203e+00
   1.4682221e+00
   2.2496557e+00
  -2.3287077e+00
  -3.5135198e+00
   3.3982810e+00
  -5.2925100e-01
  -3.3243992e+00
  -3.0398536e+00
  -2.0821278e+00
  -2.8455755e-01
  -1.8770616e+00
  -1.6655570e+00
  -1.9712634e+00
  -2.6321405e-01
   9.8579660e-01
   3.3603806e+00
  -1.3385091e+00
  -2.0943875e+00
  -3.8102195e+00
  -2.6847503e+00
   8.0542010e-01
   2.0630393e+00
   1.9595948e+00
