   4.3643420e-01
  -3.0095040e-01
  -2.2928567e-01
   5.4949456e-01
   3.4271276e-01
  -5.4187155e-01
  -1.5589110e-01
   5.1874680e-01
  -2.0703828e-01
  -3.6494684e-01
   3.2043764e-01
  -1.9885954e-01
  -3.8597706e-01
   2.5058870e-01
   5.9097420e-01
  -5.8685830e-02
   2.2624847e-01
   1.1715847e-01
   2.1381252e-01
   2.5864315e-01
   9.9855356e-02
  -6.7477006e-01
   1.3122597e-01
  -2.4127921e-01
   3.9735830e-01
   4.3264645e-01
   2.7973710e-01
  -3.7012923e-01
  -2.4247637e-01
   3.1529896e-02
   5.2259314e-01
  -6.5753704e-01
   2.6579538e-01
   2.7917490e-01
   2.5914630e-01
  -5.5442720e-01
  -4.5431100e-01
  -2.8219914e-01
  -3.2739370e-01
   2.7847445e-01
  -1.4516601e-01
   3.5199314e-01
   3.8858664e-01
  -3.6268476e-01
   1.3850825e-01
   2.7083242e-01
   2.7332857e-01
   5.5513270e-01
   1.8178418e-01
  -4.1828102e-01
  -5.6031346e-01
   1.9391130e-01
  -3.8558722e-01
  -4.2621000e-01
   2.4318147e-01
   4.3587180e-01
   2.4301094e-01
  -3.9489603e-01
   2.7941376e-01
  -4.1177508e-01
   2.0672794e-01
   4.4875348e-01
  -2.3068373e-01
  -2.4739829e-01
