   6.1224573e-03
   1.6784754e-02
  -2.2786233e+00
  -2.3637564e+00
   8.7961360e-01
   3.7428212e-01
   1.1904109e-02
  -1.9332228e+00
   1.0555376e+00
   9.6206590e-01
  -6.4273930e-02
  -2.6877222e+00
   2.7105007e-02
  -1.2634948e+00
   1.3797128e+00
   2.2470553e+00
  -2.4014668e+00
   9.1092676e-01
   1.9724649e-01
  -3.2813543e-01
   2.7930130e-02
  -3.3039844e-01
  -1.5214102e+00
   3.2332651e-03
   2.3010190e-01
  -1.9197398e-03
   9.8459010e-01
   1.7178123e+00
   3.7583217e-01
  -2.4381058e+00
  -1.0484785e+00
   1.4651496e+00
   5.8593605e-02
  -2.3905315e+00
   3.1868154e-01
   1.3610313e+00
  -1.1249825e+00
  -2.5735884e+00
  -1.4908905e-02
  -7.0886135e-01
   1.1833054e+00
   1.9662757e+00
   6.3924460e-01
   1.0346231e+00
  -2.1061221e-02
   6.8147683e-01
   1.4140329e+00
   1.8486191e-01
  -2.3660602e-02
   1.4307307e+00
  -1.1744277e-02
  -2.2596567e+00
  -5.3383786e-02
   1.9590003e-02
  -9.6922210e-03
  -1.6528206e-02
   2.5780988e+00
  -3.5607688e-02
   7.0764920e-03
   1.1583629e+00
  -1.0985272e+00
  -2.3852813e+00
  -2.1834010e+00
  -1.6275530e-02
