  -3.4719467e-01
   1.3069285e+00
  -6.6877705e-01
   2.1148688e-01
   5.1443577e-01
   3.2065400e-01
   9.7799915e-01
  -8.8040300e-01
  -1.0280486e-01
  -9.2883474e-01
   3.8605880e-01
  -8.1847316e-01
   3.0956630e-01
  -2.5450400e+00
  -2.6156807e+00
   2.4638897e-01
  -1.1141188e+00
  -5.7581320e-01
   1.5046556e-02
  -2.7026066e-01
  -3.0807438e-01
   2.1534246e-01
   1.8115738e-01
  -7.9485430e-01
  -3.0523455e+00
  -2.6289783e+00
   1.5566666e+00
  -3.3877644e-01
   4.1737497e-01
   9.6109470e-01
   2.9276267e-01
  -3.0919157e-02
  -1.9568461e-01
  -1.4087193e+00
  -2.1113315e-01
   2.4667935e+00
  -3.9123338e-02
   1.3535331e+00
  -8.7525517e-01
   4.1645715e-01
   1.6753702e-01
  -2.1823040e-02
   4.8501378e-01
   1.3082097e+00
  -5.0354913e-02
   3.5955518e-01
   4.2460376e-01
  -2.2202360e-01
  -5.7204550e-01
   8.5996810e-01
   3.9499470e-01
   2.1119738e+00
  -3.6589470e-01
  -2.0257980e+00
  -1.1715723e+00
   4.1092756e-01
   1.1410333e+00
   6.9690990e-02
   1.1358748e-01
   9.8234860e-01
   6.4839524e-01
   2.8064320e-01
   3.0563751e-02
  -1.9065632e+00
