  -5.0960310e-01
   6.9178700e-01
   5.5364066e-01
  -7.8964530e-01
  -5.1013833e-01
   9.4923437e-01
   1.1756779e+00
  -4.8602110e-01
   9.5066090e-01
   4.5162442e-01
  -1.2747548e+00
   8.7502090e-01
   1.6676035e+00
  -5.3257185e-01
  -1.5213236e+00
   1.6718475e+00
  -4.6280563e-01
  -1.8853836e+00
  -1.3071427e+00
  -2.2372320e+00
  -8.4917590e-01
   9.2531100e-01
  -9.3219364e-01
   1.3151982e+00
  -5.8741695e-01
  -1.1212362e+00
  -1.1732639e+00
   2.0504317e+00
   1.4160556e+00
  -2.8785568e-01
  -1.9583465e+00
   6.8391090e-01
  -6.7124760e-01
  -1.4574520e+00
  -1.1775955e+00
   8.5194380e-01
   5.1169395e-01
   5.8505340e-01
   2.0309298e+00
  -5.1251540e-01
   7.9984640e-01
  -5.2002984e-01
  -1.4714692e+00
   2.0949510e+00
  -4.6055868e-01
  -9.4453260e-01
  -2.0182360e+00
  -9.0953620e-01
  -9.5492560e-01
   4.6551114e-01
   1.0738245e+00
  -4.7222546e-01
   4.6289280e-01
   5.0549453e-01
  -9.8658460e-01
  -9.8371250e-01
  -9.9759830e-01
   5.0478405e-01
  -5.9406920e-01
   1.0250458e+00
  -9.5427084e-01
  -5.3449243e-01
   1.7099527e+00
   1.3656325e+00
