   3.6725897e-01   5.5720240e-01  -2.9674214e-01   9.2321330e-01   2.1391219e-01  -1.5838701e-02
   3.1484172e-01  -2.8429980e+00   4.4834864e-01   7.8670663e-01  -4.9398115e-01  -1.0763789e-02
  -8.0749255e-01  -6.7328799e-01  -3.4813425e-01  -3.4365013e-01  -7.3308277e-01  -4.0608460e-01
   1.5517708e+00  -2.0100548e+00  -1.3214066e+00   1.8982089e-01   3.9162213e-01  -1.3336748e-01
  -4.1024309e-01  -2.9962301e+00   2.9255518e-01  -4.1153917e-01  -2.3546048e-01   9.4212487e-02
  -8.0401313e-01  -2.5470224e-01   1.7017537e+00   2.1849839e-02   3.1815723e-01  -2.8229356e-01
   8.3554357e-01   2.2444849e-01   4.7169182e-01   9.0045345e-01   6.3682395e-01  -1.6448060e-01
   3.9581406e-01  -8.3918822e-01   7.0276082e-01  -2.9442835e-01  -7.4479872e-01   2.7913345e-02
   4.1184220e-01  -1.8200432e+00   4.4284847e-01   4.2971209e-01  -5.9808880e-01  -6.8007886e-01
  -8.0899321e-02  -1.8245318e+00   1.5614256e+00   8.5548407e-01  -4.0818259e-02  -9.8713160e-02
  -6.7665607e-01   2.1840479e+00  -6.8019921e-01   7.6801658e-02   2.2065283e-01  -7.2324395e-01
   2.4251923e-01  -5.4559588e-01  -2.2095510e-01   1.1477318e+00  -8.1182408e-01   1.1359978e+00
  -7.1278220e-01  -1.1272435e+00  -6.7017549e-01   2.9875895e-01   5.2062768e-01  -3.2518849e-02
   6.9497205e-02  -5.8598715e-01   1.3722047e+00   2.0740191e-02   6.6877735e-01   1.8916710e-01
   4.4761372e-01  -2.8106761e-01   6.7922401e-01   8.4401980e-02   1.2334820e+00   6.3039638e-02
  -5.8490825e-01  -1.2401553e+00   9.9744159e-01   7.0056748e-01  -9.2999899e-01   3.2599937e-02
  -1.2647738e+00   1.1016109e+00  -5.6782836e-01  -1.9369090e-01  -1.7853241e-01   3.7788111e-01
  -8.9479762e-01  -1.8512965e+00  -5.1153010e-01   7.1321964e-01  -8.0394471e-01  -3.9755371e-01
  -5.2598292e-01  -1.4915282e+00  -5.2178982e-03  -8.3744816e-02  -5.3589755e-01   2.2203566e-01
  -1.5069225e+00   6.9793880e-02  -1.0684251e+00  -7.1469396e-03  -7.3015493e-01   1.2074168e-01
   3.7231851e-02   2.4240127e-01  -2.3439329e-02   1.0571539e+00   3.0396042e-02   3.0132895e-02
   1.3652065e+00  -1.4509501e+00  -9.1768426e-01   5.4850477e-01   5.9178162e-02  -4.4336107e-01
  -8.2628690e-03  -4.6025664e-01   2.3180101e+00   3.4341067e-02  -8.2355052e-01  -7.6765466e-01
   2.7038518e-01  -2.9277148e+00  -1.1486387e+00   1.3436149e-01  -2.0644744e-01  -3.3690602e-01
  -7.1243785e-02   1.3015389e+00   9.4642186e-01  -1.5038939e-01  -9.7401685e-01  -4.8584241e-02
   5.2338194e-02   1.5171381e+00   1.3300778e+00  -7.3186219e-02   7.6833719e-01   3.9491102e-02
  -6.1517637e-02   3.4501901e-01  -2.8850299e-01   1.0461816e+00  -1.5869437e-01   1.9885613e-02
  -2.5697890e-01  -7.9704738e-01   3.1846228e-01   9.4120646e-01  -5.9512901e-01   1.5518769e+00
  -4.7216192e-01  -2.5501013e-02  -2.5391293e-01  -8.8004553e-01  -2.6498196e-01  -2.1735253e-02
   1.9435685e+00  -1.0670557e-01  -1.1518605e+00  -1.5896177e-02   6.7881507e-01  -1.2528329e-01
   5.3310585e-01  -3.6896339e-01   2.4195321e+00   8.9058951e-02   5.7156503e-01  -9.7317845e-02
  -2.8184065e-01   4.9136367e-02  -2.0792319e-02   1.0275753e+00  -4.2010460e-02  -2.7668510e-02
   7.1238691e-01  -7.2113115e-01  -4.4621411e-01  -6.7672694e-01   2.8056425e-01   3.0855292e-01
  -3.0300006e-02  -2.5217974e-01  -8.5345050e-03  -9.8385412e-01   8.9413850e-03   2.0167755e-02
   1.7541436e-02   3.4399521e-01   5.6415569e-02   1.1760665e+00  -2.2369812e-01   1.3391949e-01
  -1.4518598e-01   2.0748067e-01   2.6785797e-01   1.0455817e+00   3.9525483e-02  -2.4665874e-01
   2.5907376e-01  -9.6722227e-01  -3.9672247e-01  -7.2297072e-01   1.4550112e-01   1.1950631e-01
   1.3858380e+00   1.0464364e+00  -9.6135402e-01  -5.4822874e-01   2.2817418e-01   2.0444466e-01
   5.3907347e-01   7.8868383e-01   4.5046106e-01  -5.5666274e-01   7.9921031e-01   1.0830384e+00
   2.7763152e-01  -9.3710169e-02   4.2043637e-02  -1.0525310e+00   8.8726178e-02  -1.2765132e-01
   6.2320775e-01   1.8499612e+00   3.0649891e-01  -6.4366573e-01  -8.4692997e-01   2.6426539e-01
   9.2523560e-02   8.6283380e-01  -3.1073850e-01  -7.1235621e-01  -8.6718094e-01  -3.4534717e-01
  -5.4100555e-01   3.6097980e-01   2.3618557e-01   1.0082488e+00  -3.5665414e-01   1.7331172e-02
   4.8040909e-01  -2.0817735e+00  -8.9073139e-01   8.5313809e-01  -2.2754334e-02  -1.1030009e-01
  -5.8964747e-01  -8.9868844e-02  -4.2392901e-01  -7.8463793e-01  -2.6824376e-01   1.2465453e-01
   1.7889098e+00   2.7045530e-01  -1.8408684e-01  -3.8622379e-02   1.2808594e+00   5.4434013e-02
  -1.5991941e-01  -3.3303747e-01  -4.2885926e-01   6.6267364e-02  -2.4646185e-01   8.2907891e-03
   1.4083891e-02   2.9485047e-01   5.5610561e-01  -4.0195268e-01  -1.1400599e+00   6.5910602e-01
  -2.5900120e-01  -4.0065274e-01   3.1404310e-01  -1.0742781e+00  -2.7766037e-01  -1.3381700e-01
   2.1420759e-01   2.7204828e+00   2.3761049e-01  -1.0136539e+00   2.0564172e-01  -5.4143703e-01
  -1.1482371e+00  -3.6746511e-01  -8.6203045e-01  -1.0432298e-01  -2.1182279e-01   5.9224361e-01
  -4.6508032e-01   1.5412729e+00   1.8868507e+00  -1.0151640e+00  -1.7668287e-01   1.7052324e-02
   2.0002365e+00  -7.6750912e-02  -5.7669920e-01  -4.2293582e-02   1.1323119e+00  -1.0855285e-01
   2.0423290e-01  -7.7976751e-01  -1.6444284e-01  -7.5875008e-01   1.2070215e-01  -5.6402240e-02
   1.1924495e+00   2.0873642e+00  -1.1904106e+00  -8.4739111e-02  -1.3179985e-02   1.0489710e-01
   1.5483443e+00  -2.4693777e-01   3.7956926e-01   6.9597803e-02   1.0002497e+00  -5.4971296e-03
   8.1749558e-01  -9.8036826e-01  -4.5141152e-01   9.6703285e-01  -3.7516335e-01   3.2504296e-01
  -1.1302238e+00   4.9405482e-01  -8.1663477e-01   1.9259196e-02   1.8886150e-01  -5.6742591e-01
   3.0143559e-01   2.6543319e+00  -6.4249915e-01  -8.7165922e-01  -6.7239875e-01  -7.0340896e-01
   1.0973325e-01  -3.3008829e-01  -3.9364491e-02  -8.9132917e-01   1.8090473e-02  -1.7166004e-02
   1.5794352e+00  -3.3314845e-01   2.9011467e-01  -3.6460906e-01   1.0631765e+00   1.5874183e-02
  -1.0379186e+00  -2.2127838e-01   4.4574159e-01  -1.4317319e-01   1.4317708e-01   1.1358368e+00
  -1.2950376e+00   4.5453247e-01   4.1384140e-01  -4.9711362e-02  -5.9542549e-01  -8.6250716e-01
  -3.5985878e-01   8.0462581e-01   2.1913607e-01   1.1039647e-01  -8.1605673e-01   4.6738014e-01
