   2.4984299e-02  -2.4984947e-02
   2.4984655e-02  -2.4981797e-02
   3.2690004e-02  -1.0569562e-02
   3.1415927e+00   2.9578379e+00
   9.9999984e-01  -9.9979495e-01
   4.2931375e-01  -4.8360805e-01
   1.1469606e-01  -8.9739297e-02
   1.1113289e-01  -8.3460280e-02
   6.6941921e-02  -6.4613666e-02
   1.0776601e-01  -2.4549104e-01
   3.0414482e-01  -2.8348632e-01
   5.2346326e-01  -4.0281659e-01
   1.1366589e+00  -7.7149383e-01
   4.8244332e+01  -2.8489375e+01
   3.2533688e+01  -3.0672305e+01
   1.4874790e+02  -7.8123611e+01
   4.1112396e+00  -4.6752080e+00
   3.7679765e+00  -4.4086627e+00
   1.7187292e+00  -1.3247939e+00
