   2.0243566e-01  -5.8676398e-01   3.6721671e-04
   9.2643034e-03   1.6561273e-03   6.0412371e-01
  -4.9744436e-01  -2.0827544e-01  -1.2607438e-03
   4.2117275e-03  -4.7222287e-03  -5.8799977e-03
  -1.3562410e-02   1.4984943e-03   1.7069243e-03
  -5.7835914e-02  -2.6457599e-01   1.9068288e-02
  -5.3730124e-01  -3.3766925e-01  -1.9156303e-03
   3.4146798e-03  -3.6440934e-03  -2.2813160e-02
   5.6876361e-01   3.4336889e-01   1.1804765e-03
  -2.5131371e-02   2.2216437e-02   1.5444100e-03
   4.3550710e-05  -6.3386041e-04  -2.8526908e-01
  -3.3280954e-01  -6.4705515e-01   8.5378118e-04
   2.8663495e-01  -6.3269705e-01  -1.9172816e-04
  -1.1002140e-02  -9.6695730e-04   6.7382723e-01
  -5.8991903e-01   2.3061478e-01   3.3918186e-04
  -1.6479721e-02  -8.4073795e-03   6.6148877e-01
   3.4737890e-03  -4.0957746e-03  -8.3786566e-03
  -2.1049343e-03   1.8532374e-03   7.6685923e-01
  -1.9195175e-02   2.7037414e-03   6.5478836e-03
  -2.9570001e-01  -4.2353651e-01   1.7527929e-04
   6.0054879e-03   3.2201249e-03  -1.3245196e-02
  -2.2140997e-02  -2.7834773e-03   2.6114377e-01
   2.3189625e-03  -9.4581000e-04   4.0994018e-01
   5.3092664e-01  -1.6381067e-01   7.0137042e-04
  -5.0863228e-03  -8.5036092e-02   8.9508464e-04
   6.5421712e-01  -6.6230670e-02  -2.4057682e-04
  -2.5949565e-01   7.3011857e-01   1.1628592e-04
   3.5034737e-04  -5.5751196e-05  -3.1924790e-01
   1.0177221e-02  -2.3097619e-02  -9.7671479e-01
   3.2661375e-01   6.0341513e-01  -6.8951980e-04
   8.0305837e-02   6.6792136e-01   1.2835565e-03
  -5.6869606e-03  -6.0459942e-01  -1.0285925e-03
  -2.7561779e-03  -2.2623623e-03   8.0100203e-01
  -8.3394879e-03  -2.2625362e-03   2.9565910e-01
   5.2728009e-01   1.7859252e-01   1.5635621e-03
  -7.7434857e-03  -2.5650876e-02   5.7635742e-04
  -6.6119933e-01   1.7572345e-01  -3.5228484e-04
  -6.9624633e-01   3.7197307e-01   4.2281806e-04
   5.4258937e-01   3.1712508e-01  -1.1440103e-03
  -4.8390937e-01  -5.2290320e-01   9.0445526e-04
   1.2577541e-01   2.0691216e-01   4.2983302e-01
   5.2906835e-01   6.3197583e-01   5.1228039e-04
  -1.2598170e-01  -5.7381237e-01  -3.8399218e-04
   1.2981354e-02  -6.7889392e-02  -1.5624641e-02
  -4.8955864e-01  -2.4679717e-01   4.6117819e-04
   1.4601536e-01  -6.0948610e-01  -1.0664947e-03
   3.5066357e-01  -5.0174493e-01  -2.7441655e-03
  -5.4802794e-02   6.4829159e-01  -9.8031014e-06
  -5.0277746e-01   7.5646996e-02  -8.2945003e-04
   5.9319085e-01  -1.1249155e-01   1.5384326e-04
   1.6660914e-02  -9.8234704e-03   2.0648782e-01
   6.0578638e-01  -4.3247992e-01   6.9796643e-04
   5.1601416e-01  -5.7991379e-01  -3.8074501e-04
  -5.7397014e-01  -5.4902151e-02  -1.3471568e-04
  -4.9147195e-01  -4.7281891e-01  -3.4318864e-04
   2.6002531e-03  -3.0635716e-04   4.0531983e-03
  -5.2285806e-04  -3.1616110e-03   1.6662289e-01
  -4.8189826e-04   5.2931285e-03  -9.6144408e-01
  -5.8492702e-01  -1.5699424e-01   3.2605298e-04
  -3.5793194e-01  -2.7253926e-01   4.2035949e-04
   2.5823640e-03  -2.3101575e-03   8.5645658e-01
  -4.8134708e-01   7.1190864e-01   3.2155524e-04
   4.3843500e-03  -2.5494706e-03   6.9975522e-03
   6.1540490e-01  -1.2240827e-01  -7.3013449e-05
