  -4.4408602e-01
  -4.9148214e-01
  -1.9002980e-01
  -6.8931880e-02
  -8.7088937e-01
  -7.2065230e-01
  -7.5055903e-01
  -9.2365940e-02
  -7.4637390e-01
  -1.8976634e+00
  -4.4509210e-01
  -1.8319415e+00
  -8.6627900e-01
  -8.3688307e-01
  -6.7466180e-01
  -1.8257983e+00
  -1.8417319e+00
  -7.8835577e-01
  -1.7495467e-01
  -9.1487086e-01
  -4.4002023e-02
  -2.2429420e-02
  -1.9576818e-01
  -6.4595157e-01
  -5.8111966e-01
  -4.5201820e-01
  -3.6349002e-01
  -3.1753778e-01
  -6.4242890e-02
  -7.4165046e-01
  -6.3388240e-01
  -2.0424224e-02
  -9.7572803e-01
  -6.7022994e-02
  -3.9843538e-01
  -2.7428921e-02
  -3.1289180e-01
  -2.4067583e+00
  -1.0745615e+00
  -7.1952120e-01
  -1.7166483e+00
  -1.8786781e+00
  -1.6051020e-01
  -1.2361941e-01
  -1.9577312e+00
  -7.8921473e-01
  -1.8656254e-01
  -3.2119495e-01
  -6.7941093e-01
  -1.2205446e-02
  -2.3078258e+00
  -2.4124753e-01
  -6.7462370e-01
  -5.1259434e-01
  -6.9115480e-01
  -6.6199510e-01
  -5.7268150e-01
  -5.9812836e-02
  -7.5676880e-01
  -9.9669254e-01
  -6.4860370e-01
  -7.6831070e-01
  -5.3514430e-01
  -3.0581980e-01
