  -1.0866160e-02
  -5.6125340e-01
  -4.1653782e-01
  -5.9654012e-02
  -2.1124780e-01
  -2.8217252e-02
  -4.6475895e-02
  -9.4743720e-02
  -1.4723468e+00
  -4.0569440e-01
  -2.2706370e-01
  -5.9182405e-02
   2.0736976e-01
  -1.9484793e-01
  -4.2476512e-02
   2.4989530e+00
  -6.4058250e-02
  -7.2425544e-02
  -2.6281743e+00
  -1.0928439e-01
   9.1850070e-02
  -1.0441398e-01
  -1.0595414e-01
  -9.0115420e-01
  -3.9574130e-02
  -8.7583150e-02
  -5.4521790e-02
  -1.1857933e+00
  -2.6339200e-01
  -1.2263066e+00
  -5.1093057e-02
  -2.3656723e+00
  -3.1388304e-01
  -2.6930475e-01
  -1.1635114e-01
   2.4482830e+00
  -1.2255149e-01
  -1.0812637e+00
  -7.8895590e-02
  -5.2150136e-01
   1.1700488e+00
  -8.2110560e-02
  -2.5526838e+00
  -1.4751899e+00
  -6.8321365e-01
  -5.7581370e-01
  -6.3025700e-02
   2.5252903e+00
  -3.5863780e-01
  -3.7911597e-01
  -9.4343320e-02
  -2.7934933e-02
   3.2297708e-02
  -3.8587842e+00
  -6.4760816e-01
  -7.6958710e-02
  -9.0639025e-02
  -5.1472810e-01
   2.7951074e-01
  -9.4834800e-02
   9.5762370e-03
  -9.3540356e-02
  -1.4025390e+00
  -4.0221065e-02
