  -2.9590386e-01
   8.2617810e-01
  -3.3332680e-01
  -3.2018430e-01
  -3.9857159e+00
  -9.4917840e-02
  -1.9108994e-01
  -5.3197336e+00
  -1.1594465e-01
  -1.4943681e+00
  -1.7223331e-01
  -2.0038395e-01
  -9.9169426e-02
  -1.4138721e-01
  -5.6368820e-02
  -4.0269766e+00
   1.2482412e+00
  -1.4984348e-01
  -2.8297928e-01
  -2.3544468e-02
  -2.1871357e+00
  -3.1532686e-02
   5.3431697e-02
   3.7921604e-02
  -1.7786497e+00
  -1.5560418e-01
  -3.3856256e+00
  -4.1814070e+00
  -1.0586680e-01
  -3.1036682e+00
  -2.7666345e+00
  -4.7064826e-02
  -2.2900639e+00
  -8.9977570e-02
   5.5251744e-02
   4.6055580e-01
  -2.4682008e-02
  -6.2509296e-03
  -7.7496625e-02
  -4.3411934e-01
  -1.6948396e-01
  -1.7389765e-01
   1.2222084e+00
  -2.0136967e-01
   1.1004725e-02
  -1.3151051e+00
  -1.1199715e-01
  -6.0489870e-03
  -3.1370250e+00
  -1.0194465e-01
  -4.9010836e-02
   1.0721375e+00
  -2.1892436e-01
  -1.1544424e-01
  -1.8883793e-01
  -9.2061100e-01
   5.0124800e-02
  -4.7913052e-02
  -6.2269340e-02
  -1.4229296e-01
   2.3380520e+00
  -9.4680240e-02
  -5.4342907e-02
   5.6133680e-02
