   3.8712746e-03
   6.2225710e-02
   1.9985668e-02
   9.3335490e-03
   1.4110301e-01
  -1.7471640e-01
   1.7482486e-02
   1.6343725e-01
   1.5346721e-01
   4.1968810e-02
   1.4996530e-02
   1.1430070e-03
  -8.5105420e-03
  -1.8121210e-02
  -1.5979650e-01
   7.2961600e-02
   4.9485230e-02
  -8.2261610e-03
  -2.3310944e-02
  -1.6124780e-01
   1.9823327e-03
  -2.2270557e-01
  -2.1070351e-03
  -7.5872564e-03
   8.1655204e-02
   6.2903566e-03
   3.6073443e-02
   1.0320289e-01
  -5.3576640e-03
   3.9995942e-01
   5.5134516e-02
   1.2478272e-02
   1.6886356e-01
  -1.4129591e-01
  -8.4367260e-03
   6.7260900e-02
  -9.6293980e-02
  -3.7324890e-02
  -2.8249900e-01
   4.4906557e-02
   1.1903920e-01
   3.9532960e-03
   1.4519207e-01
   1.9108333e-02
   7.5857444e-03
   2.7622950e-02
   9.6640100e-02
  -9.4407990e-04
   5.7796936e-02
  -2.4381214e-01
  -1.1924775e-01
   5.3015605e-02
   7.8873770e-03
  -1.4682290e-01
  -3.8377803e-02
   1.9682662e-01
   6.1275247e-02
  -4.7810643e-04
   1.2169976e-02
  -1.4533974e-01
   2.9677168e-01
  -2.1451457e-01
  -5.6734342e-02
  -4.5954743e-03
